___________________________
 
Month-to-month Mean temperature and error analysis, along with year of maximum temperature for each month
___________________________
 
| Month | MeanTemperature | MeanError | MaxTemp | MaxTempYear | MaxError |
| ----- | --------------- | --------- | ------- | ----------- | -------- |
|     1 |          2,234… |    1,229… |     6,8 |       1.762 |      3,7 |
|     2 |          2,921… |    1,220… |     6,4 |       1.775 |      3,1 |
|     3 |          4,899… |    0,957… |     7,7 |       1.775 |      2,3 |
|     4 |          8,198… |    0,806… |    13,7 |       1.780 |      3,0 |
|     5 |         11,099… |    0,760… |    16,0 |       1.774 |      2,5 |
|     6 |         13,296… |    0,714… |    17,1 |       1.757 |      4,5 |
|     7 |         14,253… |    0,729… |    19,0 |       1.761 |      2,6 |
|     8 |         13,703… |    0,718… |    17,9 |       1.757 |      4,0 |
|     9 |         11,677… |    0,697… |    14,8 |       1.757 |      3,1 |
|    10 |          8,849… |    0,730… |    10,8 |       2.015 |      0,1 |
|    11 |          5,687… |    0,898… |     8,1 |       1.775 |      4,5 |
|    12 |          3,145… |    1,003… |     5,8 |       1.814 |      4,2 |
 
___________________________
 
Analysis of mean temperatures by 5 degree intervals
___________________________
 
| Month | Less than 0 | 0-5 | 5-10 | 10-15 | 15-20 |
| ----- | ----------- | --- | ---- | ----- | ----- |
|     1 |          12 | 247 |    4 |     0 |     0 |
|     2 |           3 | 254 |    6 |     0 |     0 |
|     3 |           0 | 138 |  125 |     0 |     0 |
|     4 |           0 |   0 |  257 |     6 |     0 |
|     5 |           0 |   0 |   20 |   241 |     2 |
|     6 |           0 |   0 |    0 |   258 |     5 |
|     7 |           0 |   0 |    0 |   237 |    26 |
|     8 |           0 |   0 |    0 |   255 |     8 |
|     9 |           0 |   0 |    6 |   257 |     0 |
|    10 |           0 |   1 |  242 |    20 |     0 |
|    11 |           0 |  46 |  217 |     0 |     0 |
|    12 |           2 | 253 |    8 |     0 |     0 |
 
___________________________
 
Analysis of months with higher temperatures
___________________________
 
|  Year | Month | MeanTemperature | Error |
| ----- | ----- | --------------- | ----- |
| 1.995 |     7 |            15,1 |   0,0 |
| 1.998 |     7 |            15,3 |   0,0 |
| 2.001 |     7 |            15,1 |   0,1 |
| 2.002 |     7 |            15,3 |   0,0 |
| 2.005 |     7 |            15,1 |   0,0 |
| 2.007 |     7 |            15,2 |   0,1 |
| 2.008 |     7 |            15,1 |   0,0 |
| 2.009 |     7 |            15,2 |   0,1 |
| 2.010 |     7 |            15,2 |   0,0 |
| 2.011 |     7 |            15,4 |   0,1 |
